Class                    Total   Correct   Top1 Acc    Top5 Acc  
00250                    62      11        17.74       79.03     
00463                    67      13        19.40       52.24     
00066                    63      13        20.63       84.13     
00124                    60      13        21.67       65.00     
00419                    61      16        26.23       59.02     
00246                    64      17        26.56       64.06     
00046                    63      17        26.98       79.37     
00054                    63      18        28.57       76.19     
00231                    70      20        28.57       80.00     
00380                    61      18        29.51       78.69     
00166                    50      15        30.00       86.00     
00282                    61      19        31.15       80.33     
00163                    62      20        32.26       61.29     
00494                    64      21        32.81       62.50     
00026                    65      22        33.85       70.77     
00158                    41      14        34.15       58.54     
00238                    63      22        34.92       77.78     
00060                    62      22        35.48       77.42     
00341                    62      22        35.48       62.90     
00266                    63      23        36.51       87.30     
00482                    65      25        38.46       96.92     
00248                    67      26        38.81       82.09     
00381                    64      25        39.06       73.44     
00356                    66      26        39.39       80.30     
00412                    66      26        39.39       72.73     
00068                    64      26        40.62       92.19     
00180                    64      26        40.62       78.12     
00421                    64      26        40.62       70.31     
00206                    59      24        40.68       74.58     
00073                    63      26        41.27       90.48     
00101                    63      26        41.27       92.06     
00499                    53      22        41.51       66.04     
00168                    64      27        42.19       75.00     
00312                    59      25        42.37       86.44     
00118                    63      27        42.86       88.89     
00155                    63      27        42.86       80.95     
00348                    63      27        42.86       84.13     
00189                    65      28        43.08       86.15     
00418                    62      28        45.16       77.42     
00165                    35      16        45.71       82.86     
00170                    63      29        46.03       84.13     
00212                    60      28        46.67       75.00     
00110                    64      30        46.88       89.06     
00424                    66      31        46.97       78.79     
00040                    63      30        47.62       80.95     
00086                    63      30        47.62       85.71     
00242                    63      30        47.62       82.54     
00278                    63      30        47.62       90.48     
00311                    63      30        47.62       85.71     
00360                    63      30        47.62       79.37     
00055                    65      31        47.69       89.23     
00065                    65      31        47.69       73.85     
00433                    65      31        47.69       78.46     
00465                    60      29        48.33       81.67     
00257                    64      31        48.44       78.12     
00082                    61      30        49.18       90.16     
00187                    61      30        49.18       86.89     
00044                    63      31        49.21       73.02     
00067                    63      31        49.21       88.89     
00241                    63      31        49.21       90.48     
00208                    65      32        49.23       89.23     
00358                    65      32        49.23       84.62     
00167                    38      19        50.00       89.47     
00171                    64      32        50.00       79.69     
00198                    60      30        50.00       96.67     
00202                    66      33        50.00       77.27     
00373                    62      31        50.00       88.71     
00125                    65      33        50.77       81.54     
00226                    63      32        50.79       80.95     
00185                    61      31        50.82       77.05     
00464                    61      31        50.82       73.77     
00473                    61      31        50.82       85.25     
00188                    49      25        51.02       77.55     
00240                    68      35        51.47       89.71     
00265                    68      35        51.47       85.29     
00310                    64      33        51.56       67.19     
00415                    65      34        52.31       81.54     
00052                    63      33        52.38       73.02     
00176                    63      33        52.38       87.30     
00267                    63      33        52.38       88.89     
00379                    63      33        52.38       88.89     
00469                    63      33        52.38       77.78     
00302                    64      34        53.12       93.75     
00313                    64      34        53.12       79.69     
00345                    64      34        53.12       82.81     
00353                    64      34        53.12       92.19     
00035                    67      36        53.73       94.03     
00038                    65      35        53.85       75.38     
00201                    65      35        53.85       90.77     
00264                    65      35        53.85       84.62     
00435                    65      35        53.85       69.23     
00077                    63      34        53.97       74.60     
00151                    63      34        53.97       77.78     
00298                    63      34        53.97       79.37     
00395                    61      33        54.10       85.25     
00481                    59      32        54.24       76.27     
00193                    66      36        54.55       86.36     
00023                    64      35        54.69       82.81     
00279                    64      35        54.69       82.81     
00280                    64      35        54.69       73.44     
00374                    64      35        54.69       81.25     
00262                    53      29        54.72       81.13     
00428                    62      34        54.84       77.42     
00377                    60      33        55.00       81.67     
00470                    60      33        55.00       78.33     
00039                    65      36        55.38       83.08     
00061                    65      36        55.38       86.15     
00249                    65      36        55.38       73.85     
00488                    65      36        55.38       73.85     
00477                    59      33        55.93       86.44     
00233                    66      37        56.06       87.88     
00074                    64      36        56.25       87.50     
00235                    64      36        56.25       78.12     
00245                    64      36        56.25       81.25     
00272                    64      36        56.25       78.12     
00152                    39      22        56.41       84.62     
00184                    62      35        56.45       87.10     
00269                    62      35        56.45       87.10     
00200                    60      34        56.67       86.67     
00391                    65      37        56.92       78.46     
00457                    65      37        56.92       76.92     
00394                    63      36        57.14       85.71     
00434                    63      36        57.14       74.60     
00196                    68      39        57.35       88.24     
00263                    66      38        57.58       80.30     
00390                    59      34        57.63       84.75     
00236                    64      37        57.81       81.25     
00036                    65      38        58.46       89.23     
00041                    65      38        58.46       84.62     
00285                    65      38        58.46       86.15     
00304                    65      38        58.46       89.23     
00329                    65      38        58.46       84.62     
00357                    65      38        58.46       83.08     
00369                    65      38        58.46       90.77     
00487                    65      38        58.46       83.08     
00062                    53      31        58.49       81.13     
00192                    63      37        58.73       87.30     
00314                    63      37        58.73       82.54     
00385                    63      37        58.73       93.65     
00330                    68      40        58.82       83.82     
00159                    61      36        59.02       86.89     
00423                    61      36        59.02       86.89     
00032                    64      38        59.38       90.62     
00237                    64      38        59.38       93.75     
00256                    64      38        59.38       87.50     
00121                    62      37        59.68       87.10     
00273                    62      37        59.68       83.87     
00058                    60      36        60.00       83.33     
00220                    60      36        60.00       85.00     
00225                    65      39        60.00       81.54     
00277                    65      39        60.00       93.85     
00008                    63      38        60.32       95.24     
00174                    63      38        60.32       85.71     
00179                    63      38        60.32       85.71     
00480                    63      38        60.32       95.24     
00169                    66      40        60.61       83.33     
00005                    64      39        60.94       82.81     
00114                    64      39        60.94       78.12     
00222                    64      39        60.94       81.25     
00456                    64      39        60.94       76.56     
00449                    67      41        61.19       89.55     
00034                    62      38        61.29       79.03     
00199                    62      38        61.29       72.58     
00164                    52      32        61.54       80.77     
00227                    65      40        61.54       84.62     
00350                    65      40        61.54       92.31     
00446                    65      40        61.54       81.54     
00462                    65      40        61.54       75.38     
00059                    63      39        61.90       90.48     
00223                    63      39        61.90       79.37     
00173                    66      41        62.12       77.27     
00186                    66      41        62.12       89.39     
00234                    66      41        62.12       86.36     
00409                    66      41        62.12       78.79     
00063                    61      38        62.30       86.89     
00079                    61      38        62.30       80.33     
00211                    61      38        62.30       88.52     
00315                    61      38        62.30       88.52     
00455                    61      38        62.30       83.61     
00050                    64      40        62.50       87.50     
00371                    64      40        62.50       84.38     
00422                    64      40        62.50       85.94     
00497                    64      40        62.50       95.31     
00037                    62      39        62.90       91.94     
00161                    62      39        62.90       87.10     
00367                    62      39        62.90       91.94     
00468                    62      39        62.90       91.94     
00172                    65      41        63.08       89.23     
00204                    65      41        63.08       87.69     
00359                    65      41        63.08       87.69     
00400                    65      41        63.08       87.69     
00411                    65      41        63.08       95.38     
00440                    65      41        63.08       83.08     
00112                    63      40        63.49       79.37     
00281                    63      40        63.49       93.65     
00442                    63      40        63.49       92.06     
00447                    63      40        63.49       80.95     
00452                    63      40        63.49       88.89     
00120                    64      41        64.06       82.81     
00331                    64      41        64.06       82.81     
00342                    64      41        64.06       81.25     
00219                    67      43        64.18       85.07     
00413                    62      40        64.52       82.26     
00160                    65      42        64.62       89.23     
00205                    65      42        64.62       86.15     
00352                    65      42        64.62       93.85     
00479                    65      42        64.62       93.85     
00071                    63      41        65.08       84.13     
00103                    63      41        65.08       87.30     
00148                    63      41        65.08       96.83     
00182                    63      41        65.08       80.95     
00401                    63      41        65.08       82.54     
00485                    63      41        65.08       92.06     
00195                    66      43        65.15       83.33     
00191                    61      40        65.57       77.05     
00491                    61      40        65.57       81.97     
00033                    64      42        65.62       82.81     
00064                    64      42        65.62       89.06     
00209                    64      42        65.62       84.38     
00232                    64      42        65.62       84.38     
00355                    64      42        65.62       84.38     
00408                    64      42        65.62       87.50     
00454                    64      42        65.62       87.50     
00478                    64      42        65.62       87.50     
00290                    62      41        66.13       91.94     
00384                    62      41        66.13       88.71     
00006                    65      43        66.15       87.69     
00093                    65      43        66.15       84.62     
00150                    65      43        66.15       87.69     
00002                    63      42        66.67       93.65     
00072                    66      44        66.67       100.00    
00122                    63      42        66.67       85.71     
00126                    63      42        66.67       80.95     
00270                    63      42        66.67       90.48     
00207                    67      45        67.16       91.04     
00049                    64      43        67.19       90.62     
00349                    64      43        67.19       96.88     
00474                    64      43        67.19       95.31     
00190                    46      31        67.39       93.48     
00268                    37      25        67.57       94.59     
00337                    68      46        67.65       85.29     
00420                    65      44        67.69       86.15     
00443                    65      44        67.69       95.38     
00489                    65      44        67.69       84.62     
00004                    62      42        67.74       90.32     
00128                    62      42        67.74       93.55     
00286                    62      42        67.74       88.71     
00319                    62      42        67.74       91.94     
00399                    62      42        67.74       79.03     
00053                    66      45        68.18       86.36     
00383                    66      45        68.18       86.36     
00119                    63      43        68.25       88.89     
00316                    63      43        68.25       92.06     
00318                    63      43        68.25       92.06     
00364                    63      43        68.25       74.60     
00306                    60      41        68.33       86.67     
00406                    60      41        68.33       98.33     
00098                    57      39        68.42       87.72     
00224                    64      44        68.75       79.69     
00244                    64      44        68.75       85.94     
00370                    64      44        68.75       85.94     
00335                    61      42        68.85       85.25     
00427                    65      45        69.23       81.54     
00402                    66      46        69.70       90.91     
00448                    66      46        69.70       90.91     
00107                    63      44        69.84       95.24     
00252                    50      35        70.00       96.00     
00476                    60      42        70.00       91.67     
00431                    67      47        70.15       89.55     
00175                    37      26        70.27       86.49     
00229                    64      45        70.31       87.50     
00346                    64      45        70.31       89.06     
00368                    64      45        70.31       84.38     
00441                    64      45        70.31       93.75     
00451                    64      45        70.31       93.75     
00078                    61      43        70.49       85.25     
00123                    61      43        70.49       86.89     
00047                    65      46        70.77       87.69     
00197                    65      46        70.77       98.46     
00260                    65      46        70.77       84.62     
00051                    62      44        70.97       85.48     
00276                    62      44        70.97       88.71     
00467                    62      44        70.97       85.48     
00028                    66      47        71.21       84.85     
00294                    66      47        71.21       87.88     
00031                    63      45        71.43       90.48     
00181                    63      45        71.43       82.54     
00194                    56      40        71.43       82.14     
00203                    63      45        71.43       90.48     
00274                    63      45        71.43       85.71     
00397                    63      45        71.43       92.06     
00459                    63      45        71.43       98.41     
00021                    64      46        71.88       95.31     
00022                    64      46        71.88       92.19     
00116                    64      46        71.88       85.94     
00303                    64      46        71.88       92.19     
00417                    64      46        71.88       84.38     
00450                    64      46        71.88       93.75     
00472                    64      46        71.88       90.62     
00029                    65      47        72.31       90.77     
00042                    65      47        72.31       89.23     
00254                    65      47        72.31       83.08     
00255                    65      47        72.31       87.69     
00389                    65      47        72.31       87.69     
00432                    65      47        72.31       92.31     
00153                    62      45        72.58       93.55     
00317                    62      45        72.58       90.32     
00094                    63      46        73.02       87.30     
00271                    63      46        73.02       88.89     
00115                    64      47        73.44       92.19     
00178                    64      47        73.44       93.75     
00366                    64      47        73.44       90.62     
00221                    49      36        73.47       87.76     
00108                    68      50        73.53       92.65     
00439                    61      45        73.77       93.44     
00056                    65      48        73.85       90.77     
00213                    65      48        73.85       92.31     
00217                    65      48        73.85       95.38     
00230                    65      48        73.85       93.85     
00296                    65      48        73.85       89.23     
00320                    65      48        73.85       92.31     
00393                    65      48        73.85       96.92     
00378                    62      46        74.19       88.71     
00214                    66      49        74.24       90.91     
00027                    59      44        74.58       89.83     
00146                    63      47        74.60       93.65     
00210                    63      47        74.60       88.89     
00218                    63      47        74.60       93.65     
00253                    63      47        74.60       88.89     
00344                    63      47        74.60       87.30     
00410                    63      47        74.60       90.48     
00437                    63      47        74.60       90.48     
00498                    63      47        74.60       87.30     
00259                    67      50        74.63       89.55     
00132                    64      48        75.00       93.75     
00177                    64      48        75.00       89.06     
00288                    68      51        75.00       95.59     
00407                    64      48        75.00       84.38     
00461                    64      48        75.00       89.06     
00471                    68      51        75.00       89.71     
00131                    65      49        75.38       95.38     
00162                    65      49        75.38       98.46     
00243                    65      49        75.38       87.69     
00438                    65      49        75.38       93.85     
00492                    65      49        75.38       95.38     
00099                    61      46        75.41       85.25     
00430                    61      46        75.41       88.52     
00096                    66      50        75.76       89.39     
00154                    66      50        75.76       89.39     
00453                    66      50        75.76       96.97     
00057                    62      47        75.81       93.55     
00215                    62      47        75.81       91.94     
00043                    54      41        75.93       90.74     
00156                    67      51        76.12       94.03     
00293                    64      49        76.56       93.75     
00301                    64      49        76.56       93.75     
00398                    64      49        76.56       92.19     
00327                    60      46        76.67       83.33     
00017                    65      50        76.92       90.77     
00127                    65      50        76.92       93.85     
00140                    65      50        76.92       93.85     
00416                    65      50        76.92       90.77     
00157                    62      48        77.42       95.16     
00283                    62      48        77.42       96.77     
00295                    62      48        77.42       93.55     
00309                    62      48        77.42       93.55     
00414                    62      48        77.42       88.71     
00247                    67      52        77.61       89.55     
00010                    63      49        77.78       95.24     
00113                    63      49        77.78       87.30     
00216                    63      49        77.78       88.89     
00258                    63      49        77.78       93.65     
00333                    63      49        77.78       88.89     
00382                    63      49        77.78       90.48     
00486                    63      49        77.78       93.65     
00104                    68      53        77.94       91.18     
00324                    68      53        77.94       94.12     
00134                    64      50        78.12       95.31     
00291                    64      50        78.12       93.75     
00365                    64      50        78.12       89.06     
00375                    64      50        78.12       89.06     
00147                    55      43        78.18       90.91     
00183                    60      47        78.33       96.67     
00363                    65      51        78.46       84.62     
00429                    65      51        78.46       87.69     
00362                    66      52        78.79       86.36     
00386                    66      52        78.79       90.91     
00016                    62      49        79.03       93.55     
00075                    62      49        79.03       91.94     
00361                    62      49        79.03       90.32     
00338                    63      50        79.37       85.71     
00018                    64      51        79.69       96.88     
00106                    64      51        79.69       92.19     
00109                    64      51        79.69       93.75     
00129                    64      51        79.69       96.88     
00030                    69      55        79.71       94.20     
00372                    65      52        80.00       96.92     
00305                    66      53        80.30       90.91     
00475                    66      53        80.30       93.94     
00483                    66      53        80.30       96.97     
00495                    66      53        80.30       93.94     
00239                    61      49        80.33       98.36     
00336                    61      49        80.33       93.44     
00351                    67      54        80.60       98.51     
00048                    63      51        80.95       88.89     
00070                    63      51        80.95       95.24     
00091                    64      52        81.25       92.19     
00493                    64      52        81.25       95.31     
00135                    65      53        81.54       87.69     
00332                    65      53        81.54       93.85     
00354                    65      53        81.54       95.38     
00490                    66      54        81.82       95.45     
00085                    61      50        81.97       88.52     
00275                    61      50        81.97       88.52     
00343                    61      50        81.97       93.44     
00308                    67      55        82.09       95.52     
00228                    63      52        82.54       96.83     
00284                    63      52        82.54       90.48     
00076                    64      53        82.81       89.06     
00133                    64      53        82.81       90.62     
00297                    64      53        82.81       92.19     
00003                    65      54        83.08       96.92     
00460                    65      54        83.08       95.38     
00445                    60      50        83.33       95.00     
00012                    61      51        83.61       95.08     
00289                    62      52        83.87       98.39     
00426                    62      52        83.87       98.39     
00019                    63      53        84.13       92.06     
00137                    63      53        84.13       93.65     
00149                    63      53        84.13       87.30     
00404                    63      53        84.13       93.65     
00436                    63      53        84.13       93.65     
00111                    64      54        84.38       93.75     
00388                    64      54        84.38       89.06     
00496                    65      55        84.62       98.46     
00020                    66      56        84.85       96.97     
00045                    66      56        84.85       93.94     
00143                    66      56        84.85       93.94     
00403                    66      56        84.85       98.48     
00013                    67      57        85.07       94.03     
00105                    67      57        85.07       95.52     
00251                    67      57        85.07       97.01     
00025                    68      58        85.29       91.18     
00138                    63      54        85.71       96.83     
00334                    63      54        85.71       98.41     
00080                    65      56        86.15       93.85     
00307                    65      56        86.15       96.92     
00000                    66      57        86.36       96.97     
00088                    66      57        86.36       95.45     
00102                    66      57        86.36       98.48     
00144                    60      52        86.67       93.33     
00015                    62      54        87.10       93.55     
00322                    62      54        87.10       95.16     
00328                    63      55        87.30       98.41     
00007                    64      56        87.50       96.88     
00011                    64      56        87.50       95.31     
00081                    64      56        87.50       96.88     
00347                    64      56        87.50       96.88     
00392                    48      42        87.50       93.75     
00405                    64      56        87.50       98.44     
00001                    65      57        87.69       96.92     
00300                    65      57        87.69       96.92     
00396                    65      57        87.69       98.46     
00009                    66      58        87.88       95.45     
00069                    66      58        87.88       93.94     
00466                    66      58        87.88       95.45     
00136                    67      59        88.06       98.51     
00087                    64      57        89.06       90.62     
00287                    64      57        89.06       95.31     
00387                    64      57        89.06       93.75     
00142                    65      58        89.23       96.92     
00084                    66      59        89.39       95.45     
00299                    66      59        89.39       98.48     
00321                    66      59        89.39       96.97     
00458                    66      59        89.39       92.42     
00139                    67      60        89.55       97.01     
00376                    61      55        90.16       95.08     
00014                    63      57        90.48       93.65     
00141                    64      58        90.62       96.88     
00425                    64      58        90.62       98.44     
00092                    66      60        90.91       95.45     
00326                    67      61        91.04       100.00    
00083                    62      57        91.94       96.77     
00095                    63      58        92.06       98.41     
00292                    63      58        92.06       96.83     
00484                    63      58        92.06       100.00    
00444                    64      59        92.19       98.44     
00090                    65      60        92.31       98.46     
00097                    65      60        92.31       98.46     
00145                    66      61        92.42       95.45     
00130                    61      57        93.44       98.36     
00325                    63      59        93.65       100.00    
00117                    64      60        93.75       96.88     
00340                    65      61        93.85       98.46     
00323                    66      62        93.94       98.48     
00089                    64      61        95.31       100.00    
00100                    64      61        95.31       98.44     
00261                    65      62        95.38       100.00    
00339                    65      63        96.92       96.92     
00024                    69      67        97.10       97.10     
